   v'->v''           0           1           2           3           4           5           6           7           8           9          10          11          12          13          14          15          16          17          18          19          20          21          22          23          24          25
           0 9.9979e-001 1.9403e-004 1.3929e-005 8.8027e-008 4.1873e-008 2.0970e-008 2.2002e-008 1.4567e-011 6.0428e-010 2.0515e-009 7.4037e-010 1.2549e-009 2.7498e-009 5.1829e-010 9.3930e-011 3.9283e-010 1.3163e-010 1.4456e-012 7.7164e-011 9.0900e-011 3.6885e-011 2.7756e-012 2.7787e-012 9.8269e-012 7.1582e-012 3.8217e-013
           1 1.9519e-004 9.9956e-001 1.6902e-004 7.1536e-005 6.7243e-008 1.2334e-007 9.5058e-008 2.0642e-008 2.3669e-012 2.1241e-010 5.7141e-010 1.2095e-010 9.9896e-010 3.4380e-011 3.6829e-010 2.1011e-010 6.1188e-011 6.5021e-010 8.3506e-010 4.4733e-010 9.4709e-011 2.7554e-014 2.9578e-011 5.0729e-011 3.0360e-011 1.5676e-012
           2 1.2807e-005 1.6963e-004 9.9953e-001 4.5455e-006 2.8282e-004 1.2628e-006 1.6708e-008 5.9142e-007 2.3799e-008 4.7515e-009 2.2975e-008 2.8812e-009 6.1782e-009 7.4503e-009 3.2013e-010 7.6453e-010 6.8494e-010 2.7174e-011 9.5323e-011 1.5930e-010 7.0799e-011 9.7823e-012 1.7314e-013 3.2776e-012 2.5840e-012 1.3803e-013
           3 1.1762e-008 7.2538e-005 7.0987e-006 9.9782e-001 1.3047e-003 7.9355e-004 3.9340e-010 3.0635e-006 2.4332e-007 5.5090e-007 9.9215e-008 4.0137e-008 5.8805e-008 2.1273e-009 3.8254e-009 3.9366e-009 1.7153e-009 9.0051e-010 4.4788e-010 7.1798e-011 2.4631e-011 2.0724e-010 3.2072e-010 2.7302e-010 1.2696e-010 6.2640e-012
           4 9.1526e-008 3.8925e-008 2.8095e-004 1.4646e-003 9.9075e-001 6.1927e-003 1.2891e-003 1.6009e-005 6.1683e-006 6.0982e-007 3.6827e-007 7.4980e-007 4.6852e-008 3.3571e-008 4.2760e-008 1.8738e-008 4.3206e-009 6.9980e-011 4.5825e-009 8.5064e-009 7.0839e-009 3.6899e-009 1.3169e-009 3.5212e-010 7.0394e-011 2.8189e-012
           5 4.8043e-009 2.0515e-008 1.2006e-007 6.1607e-004 6.9140e-003 9.7750e-001 1.3362e-002 1.5358e-003 6.8116e-005 2.2856e-006 2.9817e-006 8.2723e-008 6.9488e-007 3.8665e-007 4.3764e-008 8.3624e-011 2.2336e-008 4.6897e-008 3.3648e-008 8.4399e-009 2.1540e-011 2.2739e-009 4.2513e-009 3.6271e-009 1.6614e-009 8.1659e-011
           6 2.7747e-009 4.7181e-008 4.6369e-007 2.1077e-005 6.1454e-004 1.4922e-002 9.6002e-001 2.2571e-002 1.7036e-003 1.3819e-004 5.8952e-008 4.0122e-006 1.2136e-006 8.8081e-008 3.7737e-007 2.8003e-007 1.1222e-007 6.3179e-009 1.3256e-008 3.4386e-008 2.7675e-008 1.3962e-008 5.4172e-009 1.8570e-009 5.1213e-010 2.2627e-011
           7 1.3852e-009 3.2690e-009 1.2141e-007 3.1133e-006 1.3071e-004 3.0041e-004 2.4870e-002 9.3862e-001 3.4049e-002 1.8041e-003 2.1203e-004 6.1543e-006 2.2588e-006 3.1094e-006 1.6108e-007 6.2801e-008 2.8189e-007 3.5356e-007 1.7805e-007 2.9736e-008 1.6774e-011 6.6153e-009 8.9250e-009 6.3496e-009 2.6633e-009 1.2874e-010
           8 9.0326e-009 1.1115e-008 2.5958e-007 3.8093e-007 4.1481e-008 2.7308e-004 3.7901e-005 3.6707e-002 9.1284e-001 4.7922e-002 1.9243e-003 2.6964e-004 2.2529e-005 2.1750e-007 2.9475e-006 1.0799e-006 1.3685e-007 4.2008e-008 2.7319e-007 2.9276e-007 1.7282e-007 7.9639e-008 3.2702e-008 1.2748e-008 3.9320e-009 1.7851e-010
           9 1.1412e-010 1.9692e-009 1.3018e-009 4.6996e-007 3.7533e-006 1.3275e-005 3.5105e-004 6.8261e-005 5.0250e-002 8.8195e-001 6.4902e-002 2.0920e-003 3.1046e-004 4.8906e-005 8.2470e-007 1.6422e-006 1.6780e-006 7.7280e-007 8.8790e-008 2.1876e-008 1.1893e-007 1.4497e-007 1.1681e-007 7.4436e-008 3.0865e-008 1.4932e-009
          10 2.4726e-009 1.6623e-009 4.1203e-008 2.5150e-007 7.2064e-008 2.2942e-006 6.3140e-005 3.2608e-004 6.2386e-004 6.5827e-002 8.4484e-001 8.5494e-002 2.4201e-003 3.1267e-004 8.1329e-005 6.9411e-006 2.4006e-007 1.1291e-006 1.3017e-006 6.4352e-007 1.1521e-007 9.7009e-010 1.0787e-008 1.7822e-008 1.0186e-008 5.2136e-010
          11 8.5721e-010 9.6320e-010 3.2945e-009 5.5032e-009 3.1806e-007 2.2586e-006 1.8924e-007 1.3840e-004 2.0578e-004 1.9520e-003 8.3411e-002 7.9904e-001 1.1172e-001 3.1175e-003 2.7101e-004 1.1735e-004 1.7803e-005 7.2844e-007 2.4426e-007 1.1637e-006 9.8082e-007 4.5983e-007 1.7236e-007 6.1378e-008 1.7884e-008 8.0176e-010
          12 7.0327e-011 6.6193e-011 1.2906e-009 1.5641e-008 3.4534e-007 9.0572e-008 2.4616e-006 1.2316e-005 1.9735e-004 5.9767e-005 4.3300e-003 1.0429e-001 7.4021e-001 1.4587e-001 4.6553e-003 1.6591e-004 1.6769e-004 2.7979e-005 4.8804e-006 5.5348e-007 2.3264e-007 7.7110e-007 5.8534e-007 3.0197e-007 1.0868e-007 5.1063e-009
          13 2.4556e-010 3.1049e-010 1.0713e-009 2.6944e-008 8.8770e-008 2.1342e-007 1.5945e-006 1.2993e-007 4.8060e-005 2.0867e-004 5.3163e-006 8.1851e-003 1.2924e-001 6.5960e-001 1.9341e-001 8.9199e-003 1.7475e-006 3.4594e-004 1.9911e-005 1.3363e-005 4.5258e-006 1.9968e-007 2.5436e-008 6.3432e-008 3.5677e-008 1.8191e-009
          14 1.1298e-012 1.3515e-011 2.7486e-010 1.3025e-008 1.4410e-010 3.4105e-007 1.4597e-007 2.1184e-006 4.4121e-006 9.3844e-005 1.3822e-004 2.6792e-004 1.4228e-002 1.5839e-001 5.2314e-001 2.7044e-001 2.8451e-002 2.2674e-003 2.2741e-003 1.2282e-004 1.5681e-004 1.3478e-006 5.7807e-006 2.3118e-006 3.2426e-007 1.1529e-008
