   v'->v''           0           1           2           3           4           5           6           7           8           9          10          11          12          13          14          15          16          17          18          19          20          21          22          23          24          25          26          27
           0 9.9995e-001 4.4184e-005 1.4460e-006 1.0925e-008 1.4157e-008 3.0432e-009 5.2690e-009 1.9456e-009 8.5626e-011 9.9986e-010 8.6841e-012 7.2421e-010 8.1039e-011 1.8291e-010 2.2614e-010 6.9394e-012 5.7891e-011 7.8378e-011 1.4230e-011 5.3356e-012 3.6847e-011 4.7926e-011 3.3853e-011 1.5843e-011 5.1476e-012 1.1505e-012 1.8544e-013 3.7440e-014
           1 4.4509e-005 9.9973e-001 2.0646e-004 1.3337e-005 7.4821e-007 1.2094e-007 1.9704e-008 7.0755e-009 1.6143e-010 3.0490e-010 1.5144e-010 3.3971e-011 1.7497e-010 3.0672e-010 4.3853e-012 1.7139e-010 2.3344e-010 5.9106e-011 1.1228e-012 3.5237e-011 4.4423e-011 2.6225e-011 9.5186e-012 2.1778e-012 2.5284e-013 2.2016e-015 6.1713e-015 5.0750e-015
           2 1.2842e-006 2.1006e-004 9.9875e-001 9.3457e-004 9.3072e-005 5.9611e-006 1.8160e-008 4.6998e-007 1.1178e-008 4.6638e-009 3.8127e-009 3.6860e-014 8.0634e-009 3.3248e-009 8.9423e-010 3.6594e-009 8.1184e-010 1.6421e-010 8.7001e-010 5.1072e-010 5.3451e-011 2.3967e-011 1.1119e-010 1.2236e-010 8.2019e-011 4.0932e-011 1.4899e-011 5.0253e-012
           3 1.3958e-008 1.0673e-005 9.7432e-004 9.9471e-001 3.8864e-003 4.0879e-004 1.0834e-005 1.9109e-006 8.7409e-007 2.5649e-007 7.3264e-012 7.9718e-008 1.5015e-008 8.7418e-009 1.1427e-008 7.9618e-010 1.9299e-010 1.6655e-010 3.1602e-011 6.0168e-011 2.0406e-010 3.1547e-010 2.6401e-010 1.3854e-010 4.8424e-011 1.1400e-011 1.9226e-012 4.0087e-013
           4 5.4182e-008 3.3151e-007 6.2220e-005 4.1598e-003 9.8360e-001 1.1250e-002 9.1851e-004 1.0296e-006 1.0388e-005 6.4499e-009 8.6022e-007 3.5462e-007 3.3040e-008 1.0909e-007 1.0610e-008 1.2275e-009 3.3353e-009 3.8047e-009 4.1147e-009 2.3842e-009 3.1798e-010 1.7222e-010 1.0702e-009 1.5443e-009 1.3487e-009 8.5380e-010 3.6592e-010 1.3265e-010
           5 1.4855e-008 5.4480e-008 9.2802e-007 1.8188e-004 1.2204e-002 9.6487e-001 2.1457e-002 1.2661e-003 9.3636e-006 1.3089e-005 1.8310e-006 2.5079e-007 1.1048e-006 1.0713e-007 2.3539e-008 4.7945e-008 3.5162e-008 1.4502e-008 1.8873e-010 6.5480e-009 1.4626e-008 1.2074e-008 5.6451e-009 1.6103e-009 2.3838e-010 5.3320e-012 3.5103e-012 3.6476e-012
           6 9.4219e-009 7.6127e-009 1.3728e-007 9.8942e-007 1.7791e-004 2.3320e-002 9.4201e-001 3.2973e-002 1.4550e-003 4.8211e-005 7.7302e-006 5.4620e-006 1.6061e-007 8.4089e-007 4.7331e-007 7.2298e-008 1.8244e-010 3.2556e-008 6.7670e-008 4.1311e-008 7.6268e-009 7.9878e-011 3.4661e-009 5.1735e-009 4.2875e-009 2.6076e-009 1.0983e-009 3.9613e-010
           7 1.4267e-010 7.6630e-009 1.8070e-007 3.1748e-006 3.7077e-005 2.6105e-005 3.5362e-002 9.1671e-001 4.6186e-002 1.5466e-003 1.1198e-004 1.4883e-006 7.7260e-006 1.9432e-006 1.6220e-007 5.1577e-007 3.3764e-007 1.3569e-007 5.1879e-009 2.6142e-008 5.7022e-008 4.1012e-008 1.7554e-008 5.5153e-009 1.4425e-009 3.4342e-010 7.6444e-011 2.0674e-011
           8 5.8794e-009 4.2524e-009 9.8614e-008 3.9384e-009 3.0492e-006 1.1610e-004 5.9010e-005 4.8317e-002 8.8925e-001 6.0528e-002 1.5352e-003 1.8380e-004 8.3236e-007 6.1734e-006 4.6461e-006 1.8414e-007 1.0804e-007 4.0411e-007 4.4448e-007 1.8293e-007 1.7198e-008 3.5296e-009 1.7219e-008 1.8419e-008 1.3285e-008 7.7263e-009 3.2408e-009 1.1721e-009
           9 1.3019e-011 1.4104e-009 1.7946e-008 6.0925e-007 2.4393e-006 5.7615e-007 1.5788e-004 5.3289e-004 6.1284e-002 8.5981e-001 7.6451e-002 1.4901e-003 2.5479e-004 9.8972e-006 2.8425e-006 5.5445e-006 1.4279e-006 1.1313e-007 9.1293e-008 3.8661e-007 3.5713e-007 1.7841e-007 6.4689e-008 1.9691e-008 5.2491e-009 1.2018e-009 2.3529e-010 5.7160e-011
          10 3.4386e-009 3.9422e-009 1.8065e-008 5.6417e-008 1.8423e-007 4.9981e-006 1.8250e-005 1.3223e-004 1.6423e-003 7.4445e-002 8.2827e-001 9.3738e-002 1.3886e-003 3.1548e-004 3.1034e-005 1.9494e-007 4.6646e-006 2.8390e-006 9.9133e-007 7.3812e-008 5.6772e-008 1.9416e-007 2.0450e-007 1.5423e-007 1.0025e-007 5.6263e-008 2.3199e-008 8.3284e-009
          11 3.5508e-010 1.8050e-009 1.1551e-009 1.7690e-008 4.7448e-007 7.3642e-007 1.6287e-006 5.7372e-005 5.5466e-005 3.4668e-003 8.7264e-002 7.9455e-001 1.1287e-001 1.3088e-003 3.4562e-004 6.2050e-005 1.6373e-006 2.5882e-006 2.8625e-006 2.0920e-006 8.6800e-007 1.1868e-007 1.4319e-009 3.9385e-008 5.3536e-008 4.1501e-008 1.9912e-008 7.5642e-009
          12 9.9281e-010 9.0179e-010 4.2066e-009 1.7320e-008 9.5735e-008 1.0601e-007 2.9932e-006 5.0236e-007 9.3727e-005 5.6387e-007 6.1291e-003 9.9850e-002 7.5727e-001 1.3489e-001 1.3074e-003 3.3475e-004 1.0085e-004 9.4616e-006 1.3915e-007 1.8036e-006 2.5990e-006 1.7653e-006 7.2941e-007 2.3188e-007 6.6333e-008 1.8032e-008 4.4576e-009 1.2643e-009
          13 1.1291e-009 2.2400e-009 3.2132e-010 4.1134e-009 2.8824e-011 4.8766e-007 4.4356e-007 2.2762e-006 1.2423e-005 9.9480e-005 7.3038e-005 9.6265e-003 1.1281e-001 7.1413e-001 1.6130e-001 1.5031e-003 2.6951e-004 1.4858e-004 2.2098e-005 1.1506e-006 8.6915e-008 1.4756e-006 2.0148e-006 1.3666e-006 7.1048e-007 3.2905e-007 1.2187e-007 4.2019e-008
          14 1.0160e-011 1.5110e-010 1.5757e-011 6.8841e-011 3.0286e-008 2.4670e-007 9.7999e-008 2.2168e-006 6.5205e-008 3.6947e-005 6.8614e-005 4.1663e-004 1.4038e-002 1.2670e-001 6.6065e-001 1.9533e-001 2.3560e-003 1.0059e-004 2.5206e-004 2.9919e-005 6.3908e-006 1.3766e-006 6.6312e-008 7.6822e-007 8.2051e-007 5.2936e-007 2.2942e-007 8.3861e-008
          15 4.8956e-010 4.8811e-010 2.4338e-012 1.7241e-009 4.0022e-008 1.0382e-008 4.2132e-007 3.4423e-007 2.4993e-006 3.6237e-006 5.8377e-005 1.4406e-005 1.2118e-003 1.9419e-002 1.4216e-001 5.8057e-001 2.4853e-001 7.0500e-003 1.7712e-004 7.5886e-004 6.2219e-006 2.4450e-005 4.5294e-006 3.6707e-007 7.2680e-008 1.0622e-008 8.1419e-011 1.2539e-010
