   v'->v''           0           1           2           3           4           5           6           7           8           9          10          11          12          13          14          15          16          17          18          19          20
           0 9.9983e-001 1.5831e-004 1.1258e-005 5.4874e-010 3.7419e-008 2.0311e-008 3.9879e-009 4.5896e-013 6.5252e-010 6.0031e-012 4.3160e-011 7.3769e-011 2.4991e-010 1.0544e-010 7.8273e-013 2.6278e-011 4.1830e-011 2.5162e-011 8.2880e-012 1.5422e-012 1.4229e-013
           1 1.5898e-004 9.9967e-001 8.6731e-005 8.0296e-005 5.2434e-007 4.0773e-010 2.2482e-007 1.3352e-008 8.5116e-010 4.4730e-009 1.0420e-009 8.8136e-010 3.3102e-009 1.9348e-009 2.4391e-010 3.4598e-011 2.3059e-010 2.5325e-010 1.6679e-010 8.2716e-011 2.3132e-011
           2 1.0589e-005 8.4994e-005 9.9939e-001 1.6112e-004 3.5053e-004 2.8378e-008 1.8646e-006 1.0695e-007 3.6124e-007 1.3112e-007 4.6615e-010 3.5509e-008 1.7439e-008 6.8936e-010 1.1667e-009 2.3523e-009 1.7981e-009 1.0593e-009 5.8288e-010 2.9591e-010 8.8180e-011
           3 1.8573e-008 8.3333e-005 1.8437e-004 9.9633e-001 2.6821e-003 6.9485e-004 1.7105e-005 3.8661e-006 1.1267e-006 3.8247e-008 5.6451e-007 2.4286e-007 1.2015e-008 6.7206e-009 1.7292e-008 1.6080e-008 1.0824e-008 5.7108e-009 2.3717e-009 7.8459e-010 1.6260e-010
           4 4.3025e-008 1.9391e-007 3.2152e-004 2.9185e-003 9.8848e-001 7.4543e-003 7.4467e-004 7.5825e-005 5.9535e-008 2.8010e-006 7.4246e-007 5.4160e-008 3.1220e-007 2.2344e-007 9.8310e-008 2.6747e-008 1.6274e-009 1.6301e-009 5.8916e-009 6.1084e-009 2.4032e-009
           5 1.0727e-009 3.5346e-008 3.6002e-006 4.3603e-004 8.0840e-003 9.7708e-001 1.3545e-002 6.9581e-004 1.4353e-004 4.6113e-006 1.2834e-006 2.2504e-006 2.7411e-007 9.2607e-009 1.0556e-007 1.6166e-007 1.5101e-007 9.8778e-008 4.9231e-008 1.9901e-008 4.8963e-009
           6 3.6547e-009 5.2437e-008 2.0327e-006 6.7951e-005 2.1636e-004 1.4472e-002 9.6312e-001 2.1315e-002 5.8057e-004 1.9932e-004 2.2955e-005 8.2911e-008 2.0141e-006 1.1439e-006 3.1330e-007 4.5717e-008 3.1442e-009 5.2301e-008 8.2964e-008 6.7468e-008 2.4114e-008
           7 2.2844e-010 1.1822e-007 1.8967e-007 1.7460e-007 1.6996e-004 2.6102e-005 2.2219e-002 9.4598e-001 3.0850e-002 4.6644e-004 2.2534e-004 5.0934e-005 4.2973e-006 2.8620e-007 9.1888e-007 7.8733e-007 4.9368e-007 2.0484e-007 5.3029e-008 8.0677e-009 6.1747e-010
           8 2.4614e-009 4.1829e-010 4.1803e-007 3.1839e-006 1.0949e-005 2.1411e-004 5.3254e-005 3.1192e-002 9.2490e-001 4.2938e-002 3.7670e-004 2.1184e-004 8.2866e-005 1.7153e-005 7.3493e-007 6.4438e-008 4.5087e-007 6.2157e-007 4.8616e-007 2.6594e-007 7.7722e-008
           9 2.3765e-013 2.2759e-008 2.3800e-007 1.3139e-007 1.1867e-006 5.0676e-005 1.7599e-004 4.6288e-004 4.1864e-002 8.9737e-001 5.9370e-002 3.9457e-004 1.5601e-004 1.1018e-004 3.2421e-005 6.8481e-006 1.2513e-006 3.2184e-008 8.6520e-008 1.6235e-007 7.1123e-008
          10 1.5049e-009 4.6406e-009 5.8168e-009 1.5909e-007 1.8360e-006 1.5062e-006 1.0094e-004 8.0822e-005 1.4346e-003 5.5534e-002 8.5770e-001 8.4152e-002 7.2341e-004 4.3384e-005 1.6449e-004 4.0313e-005 1.3527e-005 6.8735e-006 2.5057e-006 6.7241e-007 1.2056e-007
          11 1.0254e-009 1.6412e-009 6.4807e-009 2.4579e-007 4.4223e-007 7.4828e-007 1.8229e-005 1.1808e-004 2.0874e-006 3.1670e-003 7.4645e-002 7.8432e-001 1.3249e-001 4.1314e-003 4.0469e-004 6.2121e-004 9.5109e-006 3.0051e-005 1.0416e-005 3.2756e-006 8.6378e-007
