   v'->v''           0           1           2           3           4           5           6           7           8           9          10          11          12          13          14          15          16          17          18          19          20          21
           0 9.9983e-001 1.5330e-004 1.5400e-005 3.3108e-008 5.3442e-008 2.7336e-008 1.3086e-008 3.1711e-010 3.4491e-010 9.2647e-010 9.9582e-010 7.6390e-011 1.1486e-009 8.3914e-010 1.3003e-010 3.3402e-012 3.5906e-011 1.7342e-011 5.3862e-013 3.0891e-012 6.4061e-012 2.1011e-012
           1 1.5397e-004 9.9968e-001 7.4318e-005 9.2008e-005 2.1059e-007 1.8745e-008 2.5179e-007 6.5400e-009 1.7944e-009 1.1773e-013 1.3402e-009 4.5526e-011 2.1245e-009 2.6436e-009 2.8616e-010 3.2239e-010 1.0352e-009 7.8193e-010 2.7000e-010 3.4881e-011 3.2370e-015 9.2378e-013
           2 1.4796e-005 7.2599e-005 9.9936e-001 1.7597e-004 3.7575e-004 2.8009e-007 9.8182e-007 4.3216e-007 1.8044e-007 3.5133e-008 1.2055e-008 4.7690e-008 7.5266e-009 3.8023e-009 1.0431e-008 4.3948e-009 3.8692e-010 4.7663e-011 1.9591e-010 1.3549e-010 5.3152e-011 8.8670e-012
           3 8.7171e-010 9.5247e-005 2.0260e-004 9.9592e-001 2.9133e-003 8.5052e-004 7.8598e-006 4.5088e-006 3.4191e-007 3.4524e-007 4.8544e-007 5.1635e-008 1.0055e-008 3.2163e-008 2.1200e-008 6.9262e-009 5.2391e-010 4.5164e-010 1.9696e-009 2.4247e-009 1.7151e-009 4.1027e-010
           4 9.9759e-008 2.3873e-008 3.4420e-004 3.2102e-003 9.8647e-001 8.8484e-003 1.0688e-003 5.6855e-005 1.4664e-006 2.3967e-006 1.9866e-007 4.2929e-007 4.2135e-007 8.0429e-008 4.1246e-009 1.6678e-009 1.1694e-008 1.9888e-008 1.8746e-008 1.1854e-008 5.5212e-009 1.0744e-009
           5 1.3894e-009 6.5234e-010 3.1782e-006 5.2952e-004 9.7324e-003 9.7189e-001 1.6573e-002 1.1461e-003 1.2428e-004 6.8121e-007 2.5220e-006 1.5531e-006 1.0012e-012 2.0614e-007 2.1742e-007 1.5662e-007 7.5023e-008 1.6263e-008 1.4602e-010 2.3923e-009 3.7813e-009 1.1303e-009
           6 3.9312e-009 3.4561e-008 1.4666e-006 6.3450e-005 3.1196e-004 1.8042e-002 9.5344e-001 2.6770e-002 1.1659e-003 1.9378e-004 1.0675e-005 6.1605e-007 2.7231e-006 5.1000e-007 6.8945e-009 5.5797e-008 1.7984e-007 2.1188e-007 1.4592e-007 7.0898e-008 2.7356e-008 4.8593e-009
           7 6.4881e-011 6.3181e-008 1.7088e-008 7.3219e-007 1.8870e-004 5.5493e-005 2.8500e-002 9.3039e-001 3.9411e-002 1.1764e-003 2.4170e-004 3.1838e-005 4.0668e-007 1.6713e-006 1.1345e-006 4.6371e-007 9.6149e-008 1.4515e-009 6.1111e-008 9.1693e-008 6.6446e-008 1.5827e-008
           8 9.0946e-009 1.8015e-009 4.1578e-007 2.2556e-006 7.6240e-006 2.6395e-004 3.7001e-005 4.0779e-002 9.0178e-001 5.5559e-002 1.2319e-003 2.6506e-004 6.2025e-005 5.5093e-006 2.0681e-007 8.4556e-007 8.7408e-007 5.4990e-007 1.9282e-007 3.5496e-008 2.8006e-009 4.3938e-011
           9 2.0197e-009 2.5636e-008 9.8030e-008 2.8394e-009 2.3995e-006 4.8219e-005 2.4753e-004 4.9925e-004 5.5502e-002 8.6568e-001 7.6218e-002 1.4464e-003 2.4267e-004 9.5024e-005 1.6668e-005 1.0155e-006 5.9641e-008 5.9897e-007 6.6960e-007 4.1172e-007 1.8756e-007 3.6618e-008
          10 9.6562e-010 1.6313e-009 3.5339e-009 2.8836e-007 1.4270e-006 2.9190e-007 1.1091e-004 1.4094e-004 1.7101e-003 7.3046e-002 8.1802e-001 1.0455e-001 2.0795e-003 1.6822e-004 1.3408e-004 2.9203e-005 6.3801e-006 1.1114e-006 2.0983e-009 1.4518e-007 1.7138e-007 4.5373e-008
          11 2.0416e-009 4.3047e-009 1.7206e-008 2.3374e-007 9.1070e-008 1.4871e-006 1.3592e-005 1.5325e-004 2.2191e-005 4.0111e-003 9.5364e-002 7.4966e-001 1.4619e-001 4.2633e-003 1.3700e-005 2.5761e-004 2.7285e-005 1.4705e-005 5.5171e-006 1.3570e-006 3.1540e-007 4.3231e-008
          12 2.8237e-010 4.3765e-009 7.4067e-009 6.0371e-008 5.8342e-008 1.3114e-006 6.6459e-008 4.7593e-005 1.3886e-004 4.4302e-005 8.0154e-003 1.2372e-001 6.2384e-001 2.2231e-001 1.7997e-002 1.8189e-003 1.8433e-003 6.0839e-005 1.1272e-004 4.5985e-008 4.5558e-006 9.9853e-007
