   v'->v''           0           1           2           3           4           5           6           7           8           9          10          11          12          13          14          15          16          17          18          19          20          21          22          23          24
           0 9.9978e-001 2.1534e-004 9.2847e-006 1.6927e-008 1.7800e-008 1.8508e-008 1.4605e-008 9.1935e-010 3.2041e-009 8.2111e-010 9.4694e-010 4.7843e-010 1.6554e-009 2.6667e-010 1.7777e-010 5.5026e-010 2.3665e-010 2.3729e-012 7.1176e-011 1.3764e-010 1.0070e-010 3.8723e-011 6.2298e-012 1.7247e-015 1.2348e-012
           1 2.1654e-004 9.9950e-001 2.3189e-004 5.2487e-005 2.0116e-007 1.0503e-007 1.1088e-007 1.4541e-008 2.7930e-010 1.3991e-009 2.4320e-011 3.7927e-010 1.2050e-009 3.2369e-011 6.4178e-010 7.4525e-010 5.9611e-011 1.5542e-010 4.5748e-010 3.6603e-010 1.2821e-010 1.0019e-011 6.8791e-012 2.9177e-011 3.0044e-011
           2 8.0633e-006 2.3337e-004 9.9952e-001 7.7784e-006 2.3245e-004 1.7568e-006 4.9981e-008 6.1757e-007 4.1836e-008 1.3372e-009 1.7847e-008 2.5094e-009 6.4723e-009 9.1833e-009 8.1451e-010 6.7577e-010 1.2429e-009 3.7002e-010 1.0076e-011 1.1861e-011 7.1337e-012 4.0498e-013 1.1047e-011 1.9342e-011 1.5689e-011
           3 8.6491e-010 5.2493e-005 5.8777e-006 9.9846e-001 7.9933e-004 6.7441e-004 4.7877e-009 3.5281e-006 1.9241e-007 6.1004e-007 1.4444e-007 2.3929e-008 5.7722e-008 3.8189e-009 3.0178e-009 4.2956e-009 2.0125e-009 9.4488e-010 4.4875e-010 8.8811e-011 1.3331e-011 1.9768e-010 3.7867e-010 3.9638e-010 2.6624e-010
           4 3.5275e-008 2.8219e-007 2.3650e-004 8.9607e-004 9.9321e-001 4.5639e-003 1.0699e-003 1.7256e-005 6.3851e-006 8.0761e-007 3.1513e-007 8.2514e-007 8.8564e-008 1.9022e-008 4.0126e-008 2.1225e-008 6.5697e-009 1.2395e-010 2.5409e-009 7.0274e-009 7.4477e-009 4.8309e-009 2.2296e-009 7.9381e-010 2.2778e-010
           5 3.9275e-011 4.5241e-008 8.7074e-008 5.6201e-004 5.0569e-003 9.8295e-001 1.0146e-002 1.2062e-003 7.2655e-005 2.0064e-006 3.3203e-006 1.6302e-007 6.3654e-007 4.6465e-007 7.7864e-008 1.8418e-009 1.2346e-008 4.0093e-008 3.8626e-008 1.5733e-008 1.7459e-009 3.5221e-010 2.3604e-009 2.9960e-009 2.0874e-009
           6 1.0145e-009 2.9138e-008 5.1303e-007 1.3145e-005 5.9421e-004 1.1239e-002 9.6955e-001 1.7205e-002 1.2396e-003 1.4678e-004 2.5557e-007 4.0677e-006 1.5347e-006 3.6621e-008 3.6810e-007 3.2366e-007 1.6017e-007 2.3986e-008 3.2653e-009 2.6083e-008 2.9649e-008 1.9217e-008 9.5270e-009 4.1335e-009 1.5894e-009
           7 6.9436e-010 1.8368e-008 1.4354e-007 4.0160e-006 1.0414e-004 3.2580e-004 1.8797e-002 9.5354e-001 2.5804e-002 1.1813e-003 2.2350e-004 8.5711e-006 1.8512e-006 3.4412e-006 3.1503e-007 2.5409e-008 2.4003e-007 3.6769e-007 2.3915e-007 6.7322e-008 4.2660e-009 1.7635e-009 6.4595e-009 6.6067e-009 4.1237e-009
           8 4.1775e-010 7.0181e-009 3.2900e-007 3.0245e-007 4.5456e-007 2.3074e-004 7.1347e-005 2.7583e-002 9.3477e-001 3.5924e-002 1.1058e-003 2.8178e-004 2.8662e-005 2.3704e-008 2.8942e-006 1.3797e-006 2.7266e-007 4.8541e-009 2.0042e-007 2.8889e-007 2.0773e-007 1.1075e-007 5.1902e-008 2.2908e-008 9.1273e-009
           9 6.3660e-010 5.1371e-009 2.7056e-010 5.5645e-007 4.0331e-006 8.3273e-006 3.0809e-004 1.5201e-005 3.7373e-002 9.1282e-001 4.8060e-002 1.0234e-003 3.1934e-004 5.9649e-005 2.0211e-006 1.2384e-006 1.8248e-006 1.0542e-006 2.3458e-007 9.2346e-011 6.2031e-008 1.1256e-007 1.1016e-007 8.2430e-008 4.7035e-008
          10 5.8765e-010 4.3287e-009 4.2316e-008 2.9241e-007 2.5553e-008 3.2782e-006 4.7804e-005 3.0100e-004 3.1952e-004 4.8424e-002 8.8690e-001 6.2578e-002 9.9826e-004 3.1543e-004 9.5450e-005 1.1342e-005 1.8861e-008 9.8587e-007 1.4326e-006 9.3021e-007 2.8919e-007 3.8668e-008 8.9662e-011 4.5537e-009 6.3459e-009
          11 9.7114e-012 6.8930e-009 1.5384e-009 9.5614e-009 3.9154e-007 1.9396e-006 9.3745e-009 1.1049e-004 2.0853e-004 1.1313e-003 6.0795e-002 8.5500e-001 8.1204e-002 1.1182e-003 2.7034e-004 1.3074e-004 2.6337e-005 2.0295e-006 5.4583e-008 1.0336e-006 1.1654e-006 6.8303e-007 3.1964e-007 1.4151e-007 5.7525e-008
          12 1.6090e-010 6.4582e-011 4.0410e-009 1.5348e-008 3.6141e-007 6.1280e-008 2.6611e-006 7.9638e-006 1.6548e-004 8.3084e-005 2.5873e-003 7.5781e-002 8.1323e-001 1.0617e-001 1.5677e-003 1.7523e-004 1.7274e-004 3.9170e-005 8.5681e-006 1.5579e-006 3.6097e-008 6.8450e-007 7.3347e-007 4.6598e-007 2.2851e-007
          13 1.6676e-012 1.7223e-009 2.1054e-009 2.8030e-008 9.6986e-008 2.4476e-007 1.4540e-006 5.4360e-007 3.5413e-005 1.8321e-004 8.4549e-007 4.9075e-003 9.4650e-002 7.5338e-001 1.4313e-001 3.3067e-003 8.0648e-006 3.2862e-004 3.2481e-005 1.6686e-005 7.3903e-006 1.0011e-006 2.6185e-008 1.2981e-008 2.9148e-008
          14 1.3487e-010 1.1725e-009 1.8246e-010 1.1625e-008 7.3086e-015 4.1807e-007 9.9810e-008 2.3310e-006 2.2782e-006 7.4775e-005 1.3641e-004 1.0598e-004 8.5169e-003 1.1951e-001 6.3964e-001 2.1267e-001 1.5258e-002 1.8763e-003 1.9637e-003 5.7212e-005 1.4615e-004 2.1656e-007 7.0899e-006 3.0933e-006 5.0340e-007
