   v'->v''           0           1           2           3           4           5           6           7           8           9          10          11          12          13          14          15          16          17          18          19
           0 9.9985e-001 1.3771e-004 1.6238e-005 1.5634e-008 6.2891e-008 2.3718e-008 5.9016e-009 5.2202e-010 6.8176e-012 6.1949e-010 2.8539e-010 6.8306e-011 4.1633e-010 2.7317e-010 6.2104e-011 5.6389e-012 1.2222e-012 3.8403e-012 8.1718e-012 7.6284e-012
           1 1.3823e-004 9.9971e-001 4.3712e-005 1.0296e-004 2.7344e-007 4.2257e-009 2.0279e-007 6.4329e-009 2.6014e-009 6.3826e-009 1.4606e-009 7.1709e-010 2.7724e-009 1.3402e-009 8.4029e-011 7.4295e-011 1.8813e-010 1.3463e-010 5.6686e-011 1.7144e-011
           2 1.5792e-005 4.1648e-005 9.9919e-001 3.3472e-004 4.1251e-004 9.0458e-010 1.5970e-006 1.3351e-007 3.3130e-007 9.9532e-008 4.1007e-009 4.1839e-008 1.5582e-008 1.8140e-010 1.7036e-009 2.4553e-009 1.6679e-009 9.5494e-010 5.1973e-010 2.4171e-010
           3 2.1585e-010 1.0624e-004 3.7779e-004 9.9498e-001 3.6832e-003 8.2846e-004 1.7136e-005 3.7311e-006 9.4440e-007 6.2282e-008 5.5167e-007 1.8885e-007 2.8212e-009 1.2537e-008 1.9738e-008 1.5366e-008 8.8305e-009 3.7900e-009 1.1506e-009 2.4965e-010
           4 8.0663e-008 2.0989e-009 3.6052e-004 4.0320e-003 9.8477e-001 9.8114e-003 9.5101e-004 7.5263e-005 1.1693e-007 2.6792e-006 5.8478e-007 9.4875e-008 3.2084e-007 1.9550e-007 7.4331e-008 1.4378e-008 9.3224e-013 4.6555e-009 8.0595e-009 5.8209e-009
           5 4.8619e-011 2.5826e-008 6.7546e-006 4.6007e-004 1.0715e-002 9.6983e-001 1.7855e-002 9.8399e-004 1.4346e-004 3.7081e-006 1.4396e-006 2.0386e-006 1.5755e-007 3.0912e-008 1.3186e-007 1.7244e-007 1.4220e-007 8.0744e-008 3.3835e-008 1.1130e-008
           6 4.1709e-009 3.0940e-008 1.6271e-006 8.4920e-005 2.0612e-004 1.9210e-002 9.5088e-001 2.8427e-002 9.6072e-004 2.0338e-004 1.9965e-005 4.6802e-009 2.1096e-006 9.2773e-007 2.0052e-007 1.2357e-008 2.1863e-008 8.5361e-008 9.7835e-008 6.0647e-008
           7 1.8701e-010 9.8623e-008 2.0680e-007 4.3463e-009 1.9802e-004 1.0931e-005 2.9830e-002 9.2688e-001 4.1831e-002 9.5725e-004 2.3752e-004 4.5807e-005 2.8883e-006 5.0281e-007 9.1054e-007 6.8099e-007 3.6634e-007 1.1427e-007 1.6275e-008 4.6730e-010
           8 7.7665e-009 1.3243e-010 3.4339e-007 2.8140e-006 1.5960e-005 2.4127e-004 1.2394e-004 4.2533e-002 8.9652e-001 5.9218e-002 1.0157e-003 2.3574e-004 7.7668e-005 1.3089e-005 2.5641e-007 1.5470e-007 5.1521e-007 5.8902e-007 3.8777e-007 1.7182e-007
           9 1.9698e-009 2.6945e-008 2.0705e-007 1.9694e-007 8.1458e-007 6.4005e-005 1.8868e-004 7.9339e-004 5.7932e-002 8.5653e-001 8.2836e-002 1.3250e-003 1.8584e-004 1.1010e-004 2.6411e-005 4.5214e-006 6.2303e-007 5.7119e-010 1.4094e-007 1.4634e-007
          10 4.7448e-010 7.2247e-009 4.6645e-009 1.0780e-007 1.7230e-006 2.8286e-006 1.2105e-004 7.3678e-005 2.3440e-003 7.7418e-002 8.0005e-001 1.1729e-001 2.4145e-003 5.9058e-005 1.7852e-004 3.3623e-005 1.0810e-005 5.1255e-006 1.5148e-006 3.1606e-007
          11 1.4892e-009 8.3795e-010 7.2301e-009 2.3533e-007 4.7769e-007 4.5094e-007 2.4679e-005 1.3646e-004 2.1535e-007 5.2027e-003 1.0305e-001 7.0357e-001 1.7799e-001 8.8220e-003 3.9691e-004 7.4202e-004 2.3959e-006 2.7213e-005 8.8083e-006 2.4365e-006
